,Unnamed: 0,city_name,code4,latitude,longitude,altitude_ft,city_id,fips,temp_avg,pcp_avg,strike_avg,damage_avg,city_population,enplanements,length_ft_sum,width_ft_avg
0,ABE,allentown,KABE,40.652099609375,-75.44080352783203,393.0,10988,42077,51.90248962655603,4.16103734439834,5.25,0.16666666666666666,682899.0,517148.0,13397.0,150.0
1,ABI,abilene,KABI,32.4113006592,-99.68190002440001,1791.0,5333,48441,64.4887966804979,2.1314107883817432,0.75,0.08333333333333333,114964.0,123699.5,18078.0,133.33333333333334
2,ABQ,albuquerque,KABQ,35.04019927978516,-106.60900115966795,5355.0,3742,35001,54.31659751037344,0.9284647302904564,6.833333333333332,0.25,758523.0,3735962.5,39793.0,150.0
3,ABY,albany,KABY,31.535499572753906,-84.19450378417969,197.0,17309,13095,66.57800829875518,4.069336099585061,0.4166666666666667,0.08333333333333333,90515.0,57631.0,11801.0,150.0
4,ACK,nantucket,KACK,41.25310135,-70.06020355,47.0,19193,25019,50.793360995850655,3.7031950207468856,0.5833333333333334,0.08333333333333333,201.0,176314.0,12999.0,100.0
5,ACT,waco,KACT,31.61129951477051,-97.23049926757812,516.0,5814,48309,66.86224066390038,3.144439834024898,0.6666666666666666,0.08333333333333333,188448.0,87560.0,12492.0,150.0
6,ACV,arcata,KACV,40.97809982299805,-124.10900115966795,221.0,13722,6023,54.50331950207469,5.060331950207463,0.0,0.0,33806.0,100719.5,10499.0,150.0
7,ACY,atlantic,KACY,39.45759963989258,-74.57720184326172,75.0,3361,34001,55.071369294605844,3.960995850622408,5.833333333333332,0.16666666666666666,241363.0,837169.0,16144.0,150.0
8,AEX,alexandria,KAEX,31.32740020751953,-92.54979705810548,89.0,6089,22079,67.01203319502072,4.880539419087139,0.25,0.0,82131.0,227731.5,16353.0,150.0
9,AGS,bush,KAGS,33.36989974975586,-81.9645004272461,144.0,15688,17199,56.44564315352692,4.122946058091284,0.0,0.0,270.0,439133.0,14002.0,112.5
10,ALB,albany,KALB,42.74829864501953,-73.80169677734375,285.0,8899,36001,47.815352697095435,3.6017842323651448,0.0,0.0,597270.0,2114003.0,14400.0,150.0
11,ALO,waterloo,KALO,42.55709838867188,-92.40029907226562,873.0,18224,19013,47.42572614107886,3.0903734439834007,0.0,0.0,112060.0,39304.0,19805.0,143.0
12,AMA,amarillo,KAMA,35.219398498535156,-101.70600128173828,3607.0,4497,48375,58.775933609958564,1.5346473029045629,1.5833333333333333,0.5833333333333334,206072.0,512415.5,21403.0,225.0
13,ASE,aspen,KASE,39.22320175,-106.8690033,7820.0,12534,8097,38.47510373443983,2.3790041493775944,0.0,0.0,8521.0,387532.0,7006.0,100.0
14,ATL,atlanta,KATL,33.63669967651367,-84.4281005859375,1026.0,17464,13121,61.60871369294608,4.298174273858922,0.0,0.0,5228750.0,76184862.5,48891.0,150.0
15,ATW,appleton,KATW,44.258098602299995,-88.51909637450001,918.0,909,55087,45.2356846473029,2.8375933609958515,0.0,0.0,222222.0,455565.0,14503.0,150.0
16,AUS,austin,KAUS,30.194499969482425,-97.6698989868164,542.0,5600,48453,68.31161825726142,2.9107053941908694,0.0,0.0,1638716.0,10670410.5,21248.0,150.0
17,AVL,asheville,KAVL,35.43619918823242,-82.54180145263672,2165.0,7074,37021,54.37385892116181,4.1846473029045645,2.333333333333333,0.3333333333333333,309250.0,764664.0,8001.0,150.0
18,AVP,scranton,KAVP,41.338500976599995,-75.72339630130001,962.0,10109,42069,47.44315352697097,3.9069294605809133,0.0,0.0,389022.0,390886.0,11801.0,150.0
19,AZO,kalamazoo,KAZO,42.234901428222656,-85.5521011352539,874.0,25295,26077,48.94937759336103,3.1860995850622404,0.0,0.0,214083.0,222736.5,12736.0,103.33333333333331
20,BDL,windsor,KBDL,41.9388999939,-72.68319702149999,173.0,20036,9003,50.245643153527006,4.124149377593362,11.333333333333336,0.5833333333333334,1315.0,4803664.5,21502.0,150.0
21,BFL,bakersfield,KBFL,35.43360138,-119.0569992,510.0,13984,6029,62.53858921161825,0.6709958506224067,0.0,0.0,574362.0,152024.0,14557.0,112.5
22,BGM,binghamton,KBGM,42.20869827,-75.97979736,1636.0,9733,36007,46.88672199170124,3.799917012448132,0.0,0.0,6240.0,51616.0,12102.0,150.0
23,BGR,bangor,KBGR,44.80739974975586,-68.82810211181639,192.0,20141,23019,42.86348547717842,3.761576763485474,0.25,0.08333333333333333,59107.0,470429.0,11440.0,200.0
24,BHM,birmingham,KBHM,33.56290054,-86.75350189,650.0,14439,1073,62.74979253112031,4.648755186721991,0.0,0.0,744189.0,2062748.0,17100.0,150.0
25,BIL,billings,KBIL,45.807701110839844,-108.54299926757812,3652.0,26297,30111,46.68257261410788,1.205103734439834,0.4166666666666667,0.08333333333333333,120800.0,635224.5,19820.0,100.0
26,BIS,bismarck,KBIS,46.77270126342773,-100.74600219726562,1661.0,7421,38015,41.601244813278,1.531078838174273,1.9166666666666667,0.25,97457.0,417697.0,15394.0,125.0
27,BJI,bemidji,KBJI,47.50939941,-94.93370056,1391.0,24117,27007,39.19958506224067,2.0044813278008298,0.0,0.0,16733.0,44078.5,12297.0,150.0
28,BLI,bellingham,KBLI,48.79280090332031,-122.53800201416016,170.0,387,53073,44.73360995850623,5.97622406639004,0.6666666666666666,0.0,126015.0,554115.0,6701.0,150.0
29,BMI,bloomington,KBMI,40.47710037,-88.91590118,871.0,15817,17113,51.48506224066392,3.23381742738589,0.0,0.0,134892.0,252503.5,18248.0,133.33333333333334
30,BNA,nashville,KBNA,36.1245002746582,-86.6781997680664,599.0,8671,47037,59.391701244813326,4.35871369294606,30.33333333333333,1.4166666666666667,1076645.0,10911444.5,34734.0,150.0
31,BOI,boise,KBOI,43.56439972,-116.2229996,2871.0,19916,16001,52.08962655601663,0.9826556016597514,3.25,0.3333333333333333,385218.0,2749232.5,24763.0,125.0
32,BOS,boston,KBOS,42.36429977,-71.00520325,20.0,19203,25025,50.743983402489654,4.09585062240664,21.25,1.25,4637537.0,28763002.5,42506.0,133.33333333333334
33,BQK,brunswick,KBQK,31.2588005065918,-81.46649932861328,26.0,17012,13127,68.08672199170127,3.9560995850622382,0.0,0.0,54017.0,56654.5,8001.0,150.0
34,BRO,brownsville,KBRO,25.90679931640625,-97.4259033203125,22.0,4201,48061,75.06099585062243,2.07713692946058,0.0,0.0,227883.0,174052.5,16400.0,125.0
35,BTM,butte,KBTM,45.95479965209961,-112.49700164794922,5550.0,26437,30093,40.03153526970952,1.4530290456431545,0.0,0.0,30628.0,40604.5,19646.0,100.0
36,BTR,baton,KBTR,30.53319931,-91.14959717,70.0,5942,22033,67.84771784232368,5.185850622406639,0.0,0.0,583613.0,572723.5,17703.0,125.0
37,BTV,burlington,KBTV,44.471900939899996,-73.15329742429998,335.0,15459,50007,44.64688796680498,3.672033195020748,2.75,0.16666666666666666,108277.0,907453.5,11931.0,112.5
38,BUF,buffalo,KBUF,42.94049835,-78.73220062,728.0,9353,36029,47.76680497925313,3.5270124481327803,0.0,0.0,926261.0,3610091.0,15263.0,150.0
39,BUR,burbank,KBUR,34.200698852539055,-118.35900115966795,778.0,13146,6037,62.33319502074689,1.1211203319502068,0.0,0.0,104834.0,3742226.0,12687.0,150.0
40,BWI,baltimore,KBWI,39.17539978,-76.66829681,146.0,20595,24005,54.89502074688797,4.028962655601658,0.0,0.0,7565.0,19662462.0,31003.0,150.0
41,BZN,bozeman,KBZN,45.77750015,-111.1529999,4473.0,26240,30031,40.18630705394191,2.0044398340248963,0.5833333333333334,0.0,53949.0,933859.5,14850.0,101.66666666666669
42,CAE,columbia,KCAE,33.93880081176758,-81.11949920654297,236.0,27331,45063,63.663485477178405,3.7660995850622414,0.0,0.0,17265.0,793518.0,16602.0,150.0
43,CAK,akron,KCAK,40.916099548339844,-81.44219970703125,1228.0,21498,39153,50.809128630705395,3.382614107883815,0.0,0.0,565920.0,844186.5,20797.0,150.0
44,CDC,cedar,KCDC,37.70100021362305,-113.0989990234375,5622.0,22875,49021,49.54481327800832,1.2078838174273856,0.0,0.0,36592.0,23505.5,13475.0,105.0
45,CEC,crescent,KCEC,41.78020096,-124.2369995,61.0,13887,6015,52.55435684647308,6.287634854771785,0.0,0.0,15886.0,9755.5,10004.0,150.0
46,CHA,chattanooga,KCHA,35.03530120849609,-85.20379638671875,683.0,8656,47065,59.72282157676348,4.700373443983402,0.0,0.0,407182.0,734529.5,12400.0,150.0
47,CHO,charlottesville,KCHO,38.13859939575195,-78.4529037475586,639.0,12112,51540,56.85684647302905,3.7265145228215775,0.0,0.0,102016.0,510755.0,6001.0,150.0
48,CHS,charleston,KCHS,32.89860153,-80.04049683,46.0,27330,45019,66.09377593360998,4.037842323651452,0.0,0.0,616085.0,3042145.5,16005.0,175.0
49,CID,cedar,KCID,41.88470077514648,-91.71080017089844,869.0,18468,19113,48.239419087136916,3.149709543568465,0.0,0.0,186160.0,875665.0,14801.0,150.0
50,CLE,cleveland,KCLE,41.411701202399996,-81.8498001099,791.0,22568,39035,50.91452282157676,3.415311203319501,0.0,0.0,1730363.0,6797411.5,31112.0,150.0
51,CLL,college,KCLL,30.58860016,-96.36380005,320.0,4239,48041,68.12531120331947,3.5231120331950203,0.0,0.0,207308.0,113084.5,17308.0,150.0
52,CLT,charlotte,KCLT,35.2140007019043,-80.94309997558594,748.0,7152,37119,60.70580912863071,3.598008298755187,30.58333333333333,1.8333333333333333,1467362.0,33152225.5,36178.0,150.0
53,CMH,columbus,KCMH,39.99800109863281,-82.89189910888672,815.0,21652,39049,52.86141078838175,3.549502074688795,13.833333333333336,0.6666666666666666,1528314.0,5677880.0,18125.0,150.0
54,CMI,champaign,KCMI,40.03919983,-88.27809906,755.0,15692,17019,52.129875518672186,3.303568464730291,0.0,0.0,156794.0,155072.0,23716.0,131.25
55,CMX,hancock,KCMX,47.16839981079102,-88.48909759521484,1095.0,25076,26061,40.961410788381755,2.562821576763485,0.0,0.0,4560.0,36863.5,11697.0,125.0
56,COD,cody,KCOD,44.520198822,-109.024002075,5102.0,2936,56029,39.28838174273861,1.828340248962655,0.4166666666666667,0.0,9696.0,59281.5,8268.0,100.0
57,COS,colorado,KCOS,38.805801391602,-104.70099639893,6187.0,12487,8041,48.496265560165966,1.2830290456431537,6.916666666666668,0.4166666666666667,623946.0,1238710.0,32792.0,150.0
58,CPR,casper,KCPR,42.90800095,-106.4639969,5350.0,3074,56025,44.306639004149396,0.9732780082987552,0.3333333333333333,0.0,67462.0,140295.5,33023.0,105.0
59,CRP,corpus,KCRP,27.77039909362793,-97.5011978149414,44.0,4868,48355,73.12199170124481,2.347012448132781,2.25,0.16666666666666666,341435.0,486512.5,13588.0,150.0
60,CRW,charleston,KCRW,38.37310028076172,-81.59320068359375,981.0,1608,54039,55.41120331950211,3.8947302904564314,2.6666666666666665,0.25,142858.0,311214.5,11053.0,150.0
61,CSG,columbus,KCSG,32.516300201416016,-84.93890380859375,397.0,17000,13215,64.57385892116183,4.1306639004149375,0.0,0.0,259160.0,74450.0,10994.0,150.0
62,CVG,cincinnati,KCVG,39.0488014221,-84.6678009033,896.0,22002,39061,54.45892116182572,3.784937759336102,25.16666666666667,1.4166666666666667,1648254.0,5926618.0,41000.0,150.0
63,CWA,wassau,KCWA,44.7775993347,-89.6668014526,1277.0,1198,55073,42.87344398340246,2.7656431535269705,0.4166666666666667,0.0,4002.0,178720.0,14146.0,150.0
64,DAB,daytona,KDAB,29.179899,-81.058098,34.0,2220,12127,71.9369294605809,4.2521576763485465,5.083333333333333,1.0833333333333333,68055.0,529953.5,19696.0,133.33333333333334
65,DAL,dallas,KDAL,32.84709930419922,-96.85179901123048,487.0,4464,48113,66.33692946058092,3.2248547717842317,21.08333333333333,1.0833333333333333,5733259.0,11598971.5,22699.0,150.0
66,DAY,dayton,KDAY,39.90240097045898,-84.21939849853516,1009.0,22131,39113,53.04273858921164,3.5629875518672227,0.0,0.0,718169.0,1364384.0,26403.0,150.0
67,DBQ,dubuque,KDBQ,42.40200043,-90.70950317,1077.0,18681,19061,47.53734439834022,3.3068879668049784,1.0,0.0,68573.0,59739.5,12829.0,125.0
68,DCA,washington,KDCA,38.8521,-77.037697,15.0,697,11001,56.90539419087133,3.7179253112033215,0.0,0.0,5289420.0,17189695.5,16984.0,150.0
69,DEN,denver,KDEN,39.861698150635,-104.672996521,5431.0,12400,8031,51.20207468879666,1.2218672199170126,39.66666666666666,2.25,2787266.0,45490567.5,76000.0,158.33333333333334
70,DFW,dallas,KDFW,32.896800994873054,-97.03800201416016,607.0,4464,48113,66.33692946058092,3.2248547717842317,66.91666666666667,4.416666666666667,5733259.0,48227832.5,80403.0,171.42857142857142
71,DHN,dothan,KDHN,31.3213005065918,-85.44960021972656,401.0,14775,1069,66.98091286307056,4.494398340248967,0.0,0.0,71620.0,73731.5,13498.0,150.0
72,DLH,duluth,KDLH,46.8420982361,-92.19360351559999,1428.0,24157,27137,38.57178423236513,2.3439419087136937,0.3333333333333333,0.0,120101.0,191129.0,15851.0,150.0
73,DRO,durango,KDRO,37.1515007019,-107.75399780299999,6685.0,12600,8067,45.46680497925313,1.7374688796680506,0.0,0.0,19662.0,281529.5,9201.0,150.0
74,DSM,des,KDSM,41.53400039672852,-93.66310119628906,958.0,18352,19153,49.907053941908714,3.0425726141078835,11.666666666666664,0.6666666666666666,481222.0,1931459.0,18004.0,150.0
75,DTW,detroit,KDTW,42.212398529052734,-83.35340118408203,645.0,24930,26115,50.33236514522822,2.907759336099585,26.75,0.8333333333333334,1797.0,25754510.5,57713.0,175.0
76,EGE,vail,KEGE,39.64260101,-106.9179993,6548.0,12437,8037,39.96307053941909,1.9309128630705388,0.25,0.0,6017.0,241508.5,14013.0,105.0
77,EKO,elko,KEKO,40.82490158081055,-115.79199981689452,5140.0,11767,32007,45.570954356846435,1.176763485477178,0.0,0.0,21178.0,26296.5,10085.0,105.0
78,ELM,elmira,KELM,42.1599006652832,-76.8916015625,954.0,9848,36015,47.09834024896265,3.192531120331949,0.0,0.0,3893.0,197009.5,14421.0,150.0
79,ELP,paso,KELP,31.80719948,-106.37799840000002,3959.0,4478,48141,64.3825726141079,0.8103319502074692,4.833333333333333,0.25,845674.0,2252858.0,26538.0,125.0
80,ERI,erie,KERI,42.0831270134,-80.1738667488,732.0,10771,42049,48.17468879668042,3.9918672199170127,1.25,0.08333333333333333,188079.0,133302.0,11928.0,150.0
81,EUG,eugene,KEUG,44.12459945678711,-123.21199798583984,374.0,28146,41039,50.15892116182575,5.193817427385893,0.0,0.0,267568.0,812565.0,19237.0,150.0
82,EVV,evansville,KEVV,38.0369987488,-87.53240203860001,418.0,18072,18163,56.90746887966804,4.1037344398340245,2.6666666666666665,0.3333333333333333,232285.0,327630.0,17807.0,125.0
83,EWN,new,KEWN,35.0730018616,-77.04290008539998,18.0,7342,37049,62.5701244813278,4.575269709543567,0.0,0.0,50617.0,166733.0,10004.0,150.0
84,EWR,newark,KEWR,40.69250106811523,-74.168701171875,18.0,3314,34013,53.65394190871371,4.128921161825727,0.0,0.0,285154.0,32969999.0,27800.0,150.0
85,EYW,key,KEYW,24.556100845336914,-81.75959777832031,3.0,2477,12087,76.73734439834021,4.0997095435684665,1.75,0.16666666666666666,32820.0,615383.5,4801.0,100.0
86,FAR,fargo,KFAR,46.92070007324219,-96.81580352783205,902.0,7546,38017,41.907053941908714,1.8946473029045636,1.25,0.16666666666666666,204820.0,619770.5,19100.0,133.33333333333334
87,FAT,fresno,KFAT,36.77619934082031,-119.71800231933594,336.0,14036,6019,56.24522821576763,1.5309128630705384,0.0,0.0,698021.0,1181909.0,16422.0,125.0
88,FAY,fayetteville,KFAY,34.991199493408196,-78.88030242919922,189.0,7223,37051,62.24232365145231,3.9002489626556014,0.0,0.0,324700.0,356067.0,12513.0,150.0
89,FLG,flagstaff,KFLG,35.13850021,-111.6709976,7014.0,19774,4005,53.63651452282158,1.0309958506224064,0.25,0.0,78628.0,104606.5,6999.0,150.0
90,FLL,fort,KFLL,26.072599411010746,-80.15270233154297,9.0,2838,12011,75.91493775933611,4.699004149377594,0.0,0.0,180072.0,24623208.5,23930.0,150.0
91,FLO,florence,KFLO,34.18539810180664,-79.7238998413086,146.0,27416,45041,64.07219917012452,3.84427385892116,0.16666666666666666,0.0,91311.0,64224.5,12498.0,150.0
92,FNT,flint,KFNT,42.96540069580078,-83.74359893798828,782.0,25073,26049,48.19253112033197,2.8576348547717845,0.0,0.0,335354.0,574403.5,15050.0,150.0
93,FSD,sioux,KFSD,43.5820007324,-96.741897583,1429.0,28664,46099,45.932365145228204,2.3481327800829868,1.9166666666666667,0.8333333333333334,180204.0,805824.5,20151.0,125.0
94,FSM,fort,KFSM,35.33660125732422,-94.36740112304688,469.0,15025,5131,61.259336099585035,4.218008298755185,1.25,0.0,125562.0,129212.5,13002.0,150.0
95,FWA,fort,KFWA,40.97850037,-85.19509888,814.0,17806,18003,50.533195020746916,3.3148962655601646,0.0,0.0,328564.0,545673.0,24002.0,125.0
96,GCC,gillette,KGCC,44.3488998413,-105.539001465,4365.0,3052,56005,45.17925311203322,1.234356846473029,0.0,0.0,34378.0,42839.0,13303.0,112.5
97,GEG,spokane,KGEG,47.61989974975586,-117.53399658203124,2376.0,317,53063,47.07717842323653,1.6891701244813278,3.25,0.4166666666666667,403043.0,2634823.5,19200.0,150.0
98,GFK,grand,KGFK,47.949299,-97.176102,845.0,7511,38035,40.31286307053943,1.8205809128630697,3.25,0.4166666666666667,66159.0,174809.0,18755.0,96.25
99,GGG,longview,KGGG,32.38399887084961,-94.71150207519531,365.0,4687,48183,65.70829875518673,3.894564315352696,1.5,0.08333333333333333,100196.0,31555.0,16109.0,150.0
100,GJT,grand,KGJT,39.1223983765,-108.527000427,4858.0,12411,8077,48.169294605809135,1.3665145228215767,0.3333333333333333,0.0,136688.0,334441.0,16003.0,112.5
101,GNV,gainesville,KGNV,29.6900997162,-82.27179718020001,152.0,2686,12001,69.73485477178421,4.302572614107886,0.0,0.0,199695.0,335555.5,11662.0,125.0
102,GPT,gulfport,KGPT,30.40730094909668,-89.07009887695312,28.0,26618,28047,67.13526970954354,5.340414937759337,3.333333333333333,0.16666666666666666,221348.0,504138.5,20937.0,150.0
103,GRB,green,KGRB,44.48509979248047,-88.12960052490234,695.0,961,55009,45.06182572614111,2.8076763485477185,0.0,0.0,208625.0,441277.5,19099.0,125.0
104,GRK,killeen,KGRK,31.067199706999997,-97.8289031982,1015.0,4705,48027,67.27385892116185,2.9345228215767634,0.0,0.0,247489.0,232115.0,10000.0,200.0
105,GRR,grand,KGRR,42.88079834,-85.52279663,794.0,25442,26081,48.01161825726139,3.1965975103734414,9.583333333333334,0.8333333333333334,11731.0,2227831.0,23501.0,133.33333333333334
106,GSO,greensboro,KGSO,36.097801208496094,-79.93730163574219,925.0,7383,37081,59.140663900414964,3.7111618257261383,2.333333333333333,0.4166666666666667,335588.0,1350320.5,25381.0,150.0
107,GSP,greenville,KGSP,34.895698547399995,-82.2189025879,964.0,27411,45045,60.547717842323635,4.387593360995851,1.5,0.08333333333333333,467894.0,1617595.0,11000.0,150.0
108,GTF,great,KGTF,47.48199844,-111.3710022,3680.0,26259,30013,43.529460580912826,1.4078008298755182,0.5833333333333334,0.25,65624.0,259266.0,21153.0,125.0
109,GTR,columbus,KGTR,33.450298309299995,-88.59140014649998,264.0,26667,28087,63.454356846473004,4.648464730290455,0.3333333333333333,0.0,31701.0,64755.0,8002.0,150.0
110,GUC,gunnison,KGUC,38.53390121,-106.9329987,7680.0,12521,8051,38.85809128630705,1.8422821576763482,0.16666666666666666,0.0,7075.0,50369.0,12400.0,150.0
111,HDN,hayden,KHDN,40.48120117,-107.2180023,6606.0,12648,8107,40.31825726141079,2.1045643153526963,1.4166666666666667,0.0,1932.0,146442.5,10000.0,150.0
112,HLN,helena,KHLN,46.6068000793457,-111.98300170898438,3877.0,26412,30049,41.3232365145228,1.8364730290456424,0.5,0.08333333333333333,50227.0,161492.0,16633.0,100.0
113,HOU,houston,KHOU,29.64539909,-95.27890015,46.0,5553,48201,69.92489626556022,4.438174273858919,0.0,0.0,5446468.0,10065919.0,26352.0,137.5
114,HPN,white,KHPN,41.06700134277344,-73.70760345458984,439.0,9666,36119,52.27012448132781,4.08091286307054,10.833333333333336,1.5833333333333333,59047.0,1153975.5,10999.0,150.0
115,HRL,harlingen,KHRL,26.228500366210927,-97.65440368652344,36.0,5241,48061,75.06099585062243,2.07713692946058,0.0,0.0,136968.0,424188.0,21507.0,150.0
116,HSV,huntsville,KHSV,34.637199401855,-86.775100708008,629.0,14867,1089,60.75518672199169,4.768423236514526,0.0,0.0,309716.0,809469.0,22606.0,150.0
117,HTS,huntington,KHTS,38.36669922,-82.55799866,828.0,1798,54011,55.7979253112033,3.7976763485477214,0.0,0.0,194155.0,154574.5,9516.0,105.0
118,IAD,washington,KIAD,38.94449997,-77.45580292,312.0,20580,24031,55.25477178423236,3.7242323651452303,0.0,0.0,565.0,16835117.5,45003.0,150.0
119,IAH,houston,KIAH,29.98439979553223,-95.34140014648438,97.0,5553,48201,69.92489626556022,4.438174273858919,0.0,0.0,5446468.0,30182430.0,50402.0,150.0
120,ICT,wichita,KICT,37.649898529052734,-97.43309783935548,1333.0,25976,20173,57.45186721991703,2.9000829875518686,4.583333333333333,0.8333333333333334,483057.0,1195659.0,23903.0,150.0
121,IDA,idaho,KIDA,43.51459884643555,-112.0709991455078,4744.0,19872,16019,42.36390041493779,1.76298755186722,0.0,0.0,97548.0,228238.5,13053.0,112.5
122,ILM,wilmington,KILM,34.27059936523437,-77.90260314941406,32.0,7017,37129,63.5265560165975,4.667717842323653,2.583333333333333,0.16666666666666666,245910.0,656961.0,15020.0,175.0
123,IND,indianapolis,KIND,39.7173,-86.294403,797.0,17945,18097,52.492531120331954,3.752199170124482,13.666666666666664,1.0833333333333333,1564699.0,6671645.5,28805.0,150.0
124,IPL,imperial,KIPL,32.834201812699995,-115.57900238,-54.0,14289,6025,74.45103734439836,0.2352697095435685,0.16666666666666666,0.08333333333333333,17550.0,9460.0,9804.0,87.5
125,ISP,islip,KISP,40.79520035,-73.10019684,99.0,8954,36103,52.642738589211596,3.8276763485477177,0.0,0.0,5611.0,1054360.5,20401.0,131.25
126,ITH,ithaca,KITH,42.49100112915039,-76.4583969116211,1099.0,9390,36109,46.707053941908704,3.4120746887966806,0.0,0.0,2244.0,146747.0,8619.0,100.0
127,JAC,jacksn,KJAC,43.6072998046875,-110.73799896240234,6451.0,3098,56039,35.578008298755186,2.9110788381742747,0.75,0.16666666666666666,132.0,532431.5,6300.0,150.0
128,JAN,jackson,KJAN,32.3111991882,-90.0758972168,346.0,26692,28049,65.32282157676346,4.735684647302904,0.0,0.0,338185.0,707382.0,17000.0,150.0
129,JAX,jacksonville,KJAX,30.49410057067871,-81.68789672851562,30.0,2646,12031,69.4838174273859,4.027676348547718,12.916666666666664,0.9166666666666666,1156291.0,4269615.0,17701.0,150.0
130,JFK,new,KJFK,40.63980103,-73.77890015,13.0,9715,36059,54.26473029045643,3.8736099585062216,0.0,0.0,9953.0,44843538.5,44990.0,200.0
131,LAN,lansing,KLAN,42.77870178222656,-84.58740234375,861.0,25114,26065,48.070539419087105,2.97896265560166,0.0,0.0,320928.0,288626.0,15853.0,115.0
132,LAS,las,KLAS,36.08010101,-115.1520004,2181.0,11731,32003,65.17800829875522,0.5795850622406641,0.0,0.0,2073045.0,35261899.0,43796.0,150.0
133,LAW,lawton,KLAW,34.5676994324,-98.4166030884,1110.0,20969,40031,62.19336099585061,2.5614107883817425,0.0,0.0,91383.0,74982.0,8599.0,150.0
134,LAX,los,KLAX,33.94250107,-118.4079971,125.0,14121,6037,62.33319502074689,1.1211203319502068,18.08333333333333,2.083333333333333,12815475.0,62544457.0,42397.0,162.5
135,LBB,lubbock,KLBB,33.66360092163086,-101.822998046875,3282.0,4689,48303,61.10995850622406,1.6113278008298761,3.25,0.16666666666666666,262505.0,702241.0,22392.0,125.0
136,LCH,lake,KLCH,30.12610054016113,-93.22329711914062,15.0,6254,22019,68.5410788381743,5.148464730290455,0.08333333333333333,0.0,153633.0,79960.0,11700.0,125.0
137,LEX,lexington,KLEX,38.0364990234375,-84.60590362548828,979.0,27657,21067,55.43319502074687,4.277136929460582,6.0,0.4166666666666667,315939.0,965810.0,7003.0,150.0
138,LFT,lafayette,KLFT,30.20529938,-91.98760223,42.0,6201,22055,68.62282157676353,5.102033195020743,0.0,0.0,265746.0,314404.5,17149.0,124.33333333333331
139,LGA,new,KLGA,40.77719879,-73.87259674,21.0,9730,36061,55.21576763485477,4.036016597510376,0.0,0.0,19354922.0,22144052.5,14000.0,150.0
140,LGB,long,KLGB,33.81769943,-118.1520004,60.0,13639,6037,62.33319502074689,1.1211203319502068,0.0,0.0,469450.0,2785062.5,30349.0,130.0
141,LIT,little,KLIT,34.729400634799994,-92.22429656979999,262.0,15048,5119,62.07012448132778,4.5396265560165965,0.0,0.0,442699.0,1495159.0,20597.0,150.0
142,LNK,lincoln,KLNK,40.85100173950195,-96.75920104980469,1219.0,8274,31109,51.7634854771784,2.62746887966805,5.416666666666668,0.08333333333333333,285118.0,229572.0,26950.0,150.0
143,LRD,laredo,KLRD,27.543800354003906,-99.46160125732422,508.0,5820,48479,73.01867219917015,1.7650622406638998,0.5833333333333334,0.08333333333333333,260244.0,139391.0,21994.0,150.0
144,LSE,crosse,KLSE,43.879002,-91.256699,655.0,1259,55063,45.99543568464728,3.1021161825726127,0.4166666666666667,0.16666666666666666,101886.0,141926.5,19886.0,150.0
145,LWB,lewisburg,KLWB,37.8582992554,-80.3994979858,2302.0,1720,54025,50.60041493775936,3.909917012448132,0.25,0.08333333333333333,7099.0,10674.5,7004.0,150.0
146,LWS,lewiston,KLWS,46.3745002746582,-117.01499938964844,1442.0,19861,16069,49.1070539419087,1.7948547717842318,0.0,0.0,53436.0,105707.5,11513.0,125.0
147,LYH,lynchburg,KLYH,37.326698303222656,-79.20040130615234,938.0,12274,51680,56.494190871369256,3.728672199170127,0.0,0.0,125004.0,124185.0,9186.0,112.5
148,MAF,midland,KMAF,31.9424991607666,-102.2020034790039,2871.0,5711,48329,65.06390041493775,1.2390041493775934,3.333333333333333,0.08333333333333333,144247.0,826380.0,26747.0,118.75
149,MBS,saginaw,KMBS,43.532901763916016,-84.07959747314453,668.0,25332,26145,48.149792531120326,2.7696265560165982,3.5,0.3333333333333333,119336.0,174777.5,14402.0,150.0
150,MCI,kansas,KMCI,39.2976,-94.713898,1026.0,25679,20209,55.343983402489656,3.23979253112033,37.66666666666666,2.25,152938.0,8524004.5,29801.0,150.0
151,MCO,orlando,KMCO,28.429399490356445,-81.30899810791016,96.0,2196,12095,72.81618257261415,4.167095435684648,34.0,4.833333333333333,1776841.0,33166688.0,43009.0,175.0
152,MDT,harrisburg,KMDT,40.1935005188,-76.7633972168,310.0,10252,42043,51.96224066390045,3.943443983402489,10.916666666666664,0.6666666666666666,441580.0,900669.0,10001.0,200.0
153,MDW,chicago,KMDW,41.7859992980957,-87.75240325927734,620.0,16435,17031,50.193775933609935,3.267966804979254,24.66666666666667,1.5833333333333333,14186.0,16251083.0,27475.0,132.0
154,MEI,meridian,KMEI,32.33259963989258,-88.75189971923828,297.0,26705,28075,64.26431535269711,4.62829875518672,0.0,0.0,38294.0,33589.0,14602.0,150.0
155,MEM,memphis,KMEM,35.04240036010742,-89.97669982910156,341.0,8810,47157,61.96141078838169,4.7032365145228185,11.5,1.8333333333333333,1068873.0,3209280.5,38386.0,150.0
156,MFE,mcallen,KMFE,26.17580032,-98.23860168,107.0,4348,48215,75.15892116182572,1.8845228215767642,0.0,0.0,800904.0,510151.0,9758.0,105.0
157,MFR,medford,KMFR,42.37419891357422,-122.8730010986328,1335.0,28359,41029,50.76182572614108,2.9599170124481318,0.0,0.0,168219.0,686614.5,11936.0,125.0
158,MGM,montgomery,KMGM,32.30059814,-86.39399719,221.0,14440,1101,65.15435684647301,4.271867219917011,0.0,0.0,255908.0,238045.0,13020.0,150.0
159,MHK,manhattan,KMHK,39.14099884033203,-96.6707992553711,1057.0,26057,20161,54.51908713692946,2.7197925311203344,0.25,0.08333333333333333,57284.0,105232.5,10800.0,125.0
160,MHT,manchester,KMHT,42.93259811401367,-71.43569946289062,266.0,3157,33011,47.062655601659785,4.06439834024896,7.333333333333332,0.3333333333333333,160742.0,1424841.5,16100.0,150.0
161,MIA,miami,KMIA,25.79319953918457,-80.29060363769531,8.0,2864,12086,76.33070539419084,4.592406639004151,16.833333333333332,2.0,14424.0,31220045.0,41460.0,162.5
162,MKE,milwaukee,KMKE,42.94720077514648,-87.89659881591797,723.0,1122,55079,47.739004149377614,2.93182572614108,10.666666666666666,0.5833333333333334,4157.0,5162839.0,32553.0,150.0
163,MLB,melbourne,KMLB,28.10280036926269,-80.64530181884766,33.0,2660,12009,73.05228215767636,4.176473029045643,0.8333333333333334,0.25,82011.0,339397.5,19182.0,125.0
164,MLI,moline,KMLI,41.44850158691406,-90.50749969482422,590.0,16458,17161,50.387136929460574,3.1821991701244814,9.083333333333334,0.6666666666666666,42231.0,513560.5,21512.0,150.0
165,MLU,monroe,KMLU,32.51089859008789,-92.0376968383789,79.0,6150,22073,65.06970954356844,4.688796680497925,0.4166666666666667,0.0,115462.0,157100.5,17508.0,150.0
166,MOB,mobile,KMOB,30.691200256348,-88.242797851562,219.0,14684,1097,67.25394190871366,5.289543568464729,0.0,0.0,318084.0,436994.0,12886.0,150.0
167,MOT,minot,KMOT,48.2593994140625,-101.27999877929688,1716.0,7475,38101,40.48672199170127,1.4779668049792531,0.08333333333333333,0.08333333333333333,49884.0,216093.5,14050.0,125.0
168,MRY,monterey,KMRY,36.58700180053711,-121.84300231933594,257.0,13935,6053,59.04481327800829,1.6544398340248954,0.5,0.08333333333333333,28639.0,290502.0,11129.0,105.0
169,MSN,madison,KMSN,43.13990020751953,-89.3375015258789,887.0,1010,55025,46.93817427385894,3.1883817427385925,0.0,0.0,439553.0,1464955.5,22051.0,150.0
170,MSO,missoula,KMSO,46.91630173,-114.0910034,3206.0,26322,30063,41.792116182572606,2.439958506224066,0.8333333333333334,0.16666666666666666,90218.0,600757.5,14113.0,112.5
171,MSP,minneapolis,KMSP,44.8819999695,-93.22180175780001,841.0,24417,27053,45.27095435684646,2.6618257261410774,0.0,0.0,2926757.0,27590675.0,37006.0,162.5
172,MSY,new,KMSY,29.99340057373047,-90.25800323486328,4.0,6090,22089,69.43817427385892,5.214066390041495,18.25,1.9166666666666667,1203.0,9313351.0,20675.0,150.0
173,MTJ,montrose,KMTJ,38.5097999573,-107.89399719200001,5759.0,12828,8085,48.35103734439834,1.2125311203319504,0.0,0.0,22912.0,190168.0,17500.0,125.0
174,MYR,myrtle,KMYR,33.6796989441,-78.9282989502,25.0,27558,45051,63.904564315352744,4.085933609958507,3.25,0.3333333333333333,260487.0,1759112.5,9503.0,150.0
175,OAJ,jacksonville,KOAJ,34.8292007446,-77.61209869380002,94.0,7186,37133,62.65767634854775,4.6727800829875505,0.9166666666666666,0.0,108872.0,231566.0,7100.0,150.0
176,OAK,oakland,KOAK,37.72129821777344,-122.22100067138672,9.0,14178,6001,59.4809128630706,1.5251867219917,0.0,0.0,425195.0,9757143.5,25047.0,131.25
177,OKC,oklahoma,KOKC,35.39310073852539,-97.60070037841795,1295.0,20983,40109,61.042738589211645,3.0174688796680518,6.833333333333332,0.16666666666666666,955998.0,2941643.0,30481.0,131.25
178,OMA,omaha,KOMA,41.303199768066406,-95.89409637451172,984.0,8204,31055,51.06141078838175,2.7549792531120327,22.41666666666667,1.1666666666666667,827786.0,3471097.0,26155.0,150.0
179,ONT,ontario,KONT,34.05599975585937,-117.60099792480469,944.0,13894,6071,67.11659751037348,0.5126970954356848,12.083333333333336,0.75,175841.0,3497141.5,22398.0,150.0
180,ORD,chicago,KORD,41.97859955,-87.90480042,672.0,16289,17031,50.193775933609935,3.267966804979254,0.0,0.0,8675982.0,58529991.5,79866.0,161.11111111111111
181,ORF,norfolk,KORF,36.89459991455078,-76.20120239257812,26.0,12081,51710,60.97676348547719,3.996265560165976,8.75,0.75,244703.0,2617344.5,13876.0,150.0
182,OTH,north,KOTH,43.41709899902344,-124.24600219726562,17.0,28370,41011,52.92780082987553,5.467095435684642,0.5,0.08333333333333333,9702.0,19155.5,9792.0,150.0
183,PBI,palm,KPBI,26.68320083618164,-80.09559631347656,19.0,2221,12099,75.1473029045643,4.4836514522821584,0.0,0.0,24892.0,4745752.5,20153.0,125.0
184,PDX,portland,KPDX,45.58869934,-122.5979996,31.0,28361,41051,51.748132780082976,5.15170124481328,0.0,0.0,2052796.0,14337907.0,26001.0,150.0
185,PHF,newport,KPHF,37.13190079,-76.49299622,42.0,11974,51700,60.401244813278026,4.0221161825726135,4.333333333333333,0.5,179388.0,295780.5,14529.0,150.0
186,PHL,philadelphia,KPHL,39.87189865112305,-75.24109649658203,36.0,11154,42101,55.49709543568464,3.978506224066389,36.833333333333336,2.083333333333333,5637884.0,21917578.0,30466.0,162.5
187,PHX,phoenix,KPHX,33.43429946899414,-112.01200103759766,1135.0,19443,4013,71.51369294605811,0.6727385892116182,16.333333333333332,1.25,4081849.0,31996748.0,29589.0,150.0
188,PIA,peoria,KPIA,40.664199829100006,-89.6932983398,660.0,16478,17143,51.72199170124485,3.202987551867218,2.5,0.16666666666666666,4566.0,476762.5,18107.0,150.0
189,PIH,pocatello,KPIH,42.9098014831543,-112.59600067138672,4452.0,19937,16005,45.33029045643152,1.549170124481328,0.0,0.0,71020.0,63339.5,16210.0,125.0
190,PIR,pierre,KPIR,44.38270187,-100.2860031,1744.0,28829,46065,46.38423236514527,1.5710373443983392,0.25,0.08333333333333333,14803.0,47884.0,13787.0,125.0
191,PIT,pittsburgh,KPIT,40.49150085,-80.23290253,1203.0,10478,42003,51.859751037344395,3.5702489626556013,0.0,0.0,1715297.0,6662450.5,39811.0,162.5
192,PLN,pellston,KPLN,45.57089996,-84.79669952,721.0,25487,26047,43.86887966804979,2.808630705394191,0.08333333333333333,0.0,840.0,36693.0,11907.0,150.0
193,PNS,pensacola,KPNS,30.473400115967003,-87.18659973144501,121.0,2097,12033,67.62821576763486,5.1109128630705385,5.666666666666668,0.25,344400.0,1325288.5,14004.0,150.0
194,PSC,pasco,KPSC,46.26470184326172,-119.11900329589844,410.0,319,53021,51.92033195020749,0.7861825726141081,0.8333333333333334,0.16666666666666666,73013.0,573718.0,19837.0,125.0
195,PSP,palm,KPSP,33.829700469970696,-116.50700378417969,477.0,13160,6065,68.91576763485477,0.6037344398340256,0.8333333333333334,0.0,48142.0,1637911.5,14952.0,112.5
196,PVD,providence,KPVD,41.73260116577149,-71.42040252685547,55.0,11641,44007,50.192946058091316,4.2777178423236535,0.0,0.0,1206642.0,2999510.5,14781.0,150.0
197,PWM,portland,KPWM,43.64619827,-70.30930328,76.0,20147,23005,45.66887966804978,4.142614107883818,0.0,0.0,206023.0,1457339.5,12201.0,150.0
198,RAP,rapid,KRAP,44.0452995300293,-103.05699920654295,3204.0,28519,46103,46.31991701244814,1.5424066390041495,0.6666666666666666,0.16666666666666666,9034.0,438302.5,12302.0,112.5
199,RDD,redding,KRDD,40.50899887,-122.2929993,505.0,12948,6089,55.654356846472986,3.4917012448132785,0.6666666666666666,0.16666666666666666,120270.0,63748.5,12070.0,150.0
200,RDM,redmond,KRDM,44.2541008,-121.1500015,3080.0,28488,41017,44.48049792531122,1.8236929460580917,0.0,0.0,31695.0,580202.0,14038.0,125.0
201,RDU,raleigh,KRDU,35.877601623535156,-78.7874984741211,435.0,6919,37183,60.33112033195021,3.940207468879668,13.75,0.75,1018336.0,8821709.5,21070.0,133.33333333333334
202,RHI,rhinelander,KRHI,45.63119888305664,-89.46749877929688,1624.0,1083,55085,40.55477178423239,2.8002074688796688,0.0,0.0,8738.0,35252.5,16904.0,116.66666666666669
203,RIC,richmond,KRIC,37.50519943237305,-77.3197021484375,167.0,12233,51760,58.49336099585066,3.8850622406639,0.0,0.0,1059907.0,2846831.5,20936.0,133.33333333333334
204,RKS,rock,KRKS,41.59420013,-109.0650024,6764.0,3125,56037,42.490041493775934,0.7653526970954357,0.0,0.0,26710.0,29619.0,15223.0,112.5
205,RNO,reno,KRNO,39.49909973144531,-119.76799774169922,4415.0,11708,32031,49.60165975103737,0.9824896265560162,0.0,0.0,433271.0,2977486.0,26104.0,150.0
206,ROA,roanoke,KROA,37.3255004883,-79.975402832,1175.0,12088,51770,56.9020746887967,3.640497925311204,0.0,0.0,216177.0,474372.5,12610.0,150.0
207,ROC,rochester,KROC,43.118900299072266,-77.67240142822266,559.0,9493,36055,48.63651452282158,2.9415767634854784,3.333333333333333,0.5833333333333334,711998.0,1846728.0,18403.0,133.33333333333334
208,ROW,roswell,KROW,33.30160140991211,-104.53099822998048,3671.0,3860,35005,59.886307053941906,1.0946887966804977,0.25,0.08333333333333333,49119.0,83527.0,30425.0,150.0
209,RST,rochester,KRST,43.90829849243164,-92.5,1317.0,24542,27109,44.62489626556014,3.040414937759336,2.6666666666666665,0.16666666666666666,116713.0,234929.5,16333.0,150.0
210,RSW,fort,KRSW,26.53619956970215,-81.75520324707031,30.0,2239,12071,74.95933609958506,4.308091286307056,17.916666666666668,1.8333333333333333,79943.0,6665280.5,12000.0,150.0
211,SAF,santa,KSAF,35.617099761999995,-106.08899688700001,6348.0,4102,35049,50.14605809128634,1.1690041493775931,0.4166666666666667,0.08333333333333333,110078.0,161572.5,20949.0,125.0
212,SAN,san,KSAN,32.7336006165,-117.190002441,17.0,12999,6073,63.47053941908712,0.9840248962655602,0.0,0.0,3210314.0,17227045.0,9401.0,200.0
213,SAT,san,KSAT,29.533700942993164,-98.46980285644531,809.0,4576,48029,69.6070539419087,2.594647302904564,16.166666666666668,0.8333333333333334,2002530.0,6804340.5,21526.0,133.33333333333334
214,SAV,savannah,KSAV,32.12760162,-81.20210266,50.0,17475,13051,67.27842323651454,3.787344398340249,8.083333333333334,0.4166666666666667,280082.0,1870670.0,16353.0,150.0
215,SBA,santa,KSBA,34.42620087,-119.8399963,13.0,13570,6083,58.99585062240664,1.3945228215767629,5.916666666666668,0.5,204034.0,558480.5,14414.0,108.33333333333331
216,SBN,south,KSBN,41.70869827270508,-86.31729888916016,799.0,17789,18141,49.593775933609926,3.396348547717845,3.0,0.08333333333333333,281100.0,490779.5,18713.0,125.0
217,SBP,san,KSBP,35.2368011475,-120.64199829100001,212.0,13430,6079,59.9585062240664,1.2931950207468874,0.0,0.0,62398.0,315379.0,8600.0,125.0
218,SDF,louisville,KSDF,38.1744,-85.736,501.0,27640,21111,56.651037344398276,4.357261410788381,32.916666666666664,0.4166666666666667,1011696.0,2623668.5,26679.0,150.0
219,SEA,seattle,KSEA,47.44900131225586,-122.30899810791016,433.0,106,53033,47.88340248962657,6.2428215767634825,11.416666666666664,1.0,3643765.0,34651578.0,40752.0,612.5
220,SFO,san,KSFO,37.61899948120117,-122.375,13.0,13741,6081,57.2136929460581,2.2920331950207453,18.83333333333333,1.9166666666666667,43299.0,40795406.5,38620.0,200.0
221,SGF,springfield,KSGF,37.24570084,-93.38860321,1268.0,23258,29077,56.21078838174271,3.751825726141081,0.0,0.0,287222.0,744813.0,15003.0,150.0
222,SGU,stgeorge,KSGU,37.0363888889,-113.510305556,2941.0,22811,49053,56.63236514522821,1.238298755186722,0.0,0.0,113906.0,165099.0,6606.0,100.0
223,SHV,shreveport,KSHV,32.44660186767578,-93.82559967041016,258.0,6237,22017,65.72365145228218,4.2116597510373435,1.4166666666666667,0.16666666666666666,287432.0,413214.0,14553.0,175.0
224,SJC,san,KSJC,37.36259841918945,-121.9290008544922,62.0,14283,6085,58.755601659751036,1.907344398340248,0.0,0.0,1821899.0,9647303.5,26599.0,133.33333333333334
225,SJT,san,KSJT,31.35770034790039,-100.49600219726562,1919.0,4520,48451,65.4265560165975,1.9139834024896265,0.0,0.0,99890.0,86856.5,18390.0,125.0
226,SLC,salt,KSLC,40.78839874267578,-111.97799682617188,4227.0,22698,49035,49.691286307053936,1.8131535269709536,39.91666666666666,5.166666666666667,1098400.0,17729319.0,38492.0,150.0
227,SMF,sacramento,KSMF,38.69540023803711,-121.59100341796876,27.0,13048,6113,62.281327800829885,1.742282157676348,56.33333333333334,7.916666666666668,53512.0,8295409.5,17201.0,150.0
228,SMX,santa,KSMX,34.89889908,-120.4570007,261.0,13733,6083,58.99585062240664,1.3945228215767629,1.1666666666666667,0.08333333333333333,140219.0,36031.0,11434.0,112.5
229,SNA,santa,KSNA,33.67570114,-117.8679962,56.0,13037,6059,64.65435684647306,0.9464730290456432,0.0,0.0,334136.0,7683537.0,8587.0,112.5
230,SPI,springfield,KSPI,39.84410095,-89.67790222,598.0,15928,17167,53.24813278008296,3.2931120331950217,2.5,0.3333333333333333,159394.0,130523.0,20299.0,150.0
231,SPS,wichita,KSPS,33.98880005,-98.49189758,1019.0,4407,48485,64.00456431535275,2.427883817427385,0.0,0.0,99617.0,57786.0,36125.0,187.5
232,SRQ,sarasota,KSRQ,27.39539909362793,-82.55439758300781,30.0,2492,12115,73.62904564315352,4.3681327800829886,3.083333333333333,0.75,706245.0,933441.5,14509.0,150.0
233,STL,louis,KSTL,38.74869918823242,-90.37000274658205,618.0,23638,29510,56.6970954356846,3.5189626556016584,0.0,0.0,2078283.0,11010721.5,36625.0,162.5
234,SUN,hailey,KSUN,43.50439835,-114.2959976,5318.0,19830,16013,42.675933609958506,1.4729875518672193,0.25,0.0,10875.0,133281.0,6952.0,100.0
235,SUX,sioux,KSUX,42.40259933,-96.38439941,1098.0,18910,19193,48.4402489626556,2.552240663900417,0.6666666666666666,0.16666666666666666,106279.0,64176.5,15602.0,150.0
236,SWF,newburgh,KSWF,41.50410079956055,-74.10479736328125,491.0,8827,36071,49.96970954356844,3.983734439834026,2.1666666666666665,0.5,28363.0,406074.5,17824.0,150.0
237,SYR,syracuse,KSYR,43.11119842529297,-76.1063003540039,421.0,9085,36067,47.054771784232365,3.6952282157676337,0.0,0.0,2971.0,1582933.0,19764.0,150.0
238,TLH,tallahassee,KTLH,30.396499633789066,-84.35030364990234,81.0,2524,12073,67.98547717842327,4.457925311203321,1.4166666666666667,0.3333333333333333,253030.0,542242.0,14076.0,150.0
239,TOL,toledo,KTOL,41.58679962,-83.80780029,683.0,22161,39095,51.165975103734425,2.9741908713692937,3.1666666666666665,0.16666666666666666,488672.0,164758.5,16199.0,150.0
240,TPA,tampa,KTPA,27.975500106811523,-82.533203125,26.0,2065,12057,72.92531120331945,4.4875933609958505,12.166666666666664,1.5,2804240.0,14732837.0,26301.0,150.0
241,TRI,bristol,KTRI,36.47520065307617,-82.40740203857422,1519.0,8779,47163,56.57800829875518,3.79746887966805,0.0,0.0,69865.0,293111.0,12472.0,150.0
242,TUL,tulsa,KTUL,36.19839859008789,-95.88809967041016,677.0,21235,40143,60.39834024896271,3.388257261410787,5.333333333333333,0.8333333333333334,672054.0,2115878.0,23472.0,166.66666666666666
243,TUS,tucson,KTUS,32.116100311279304,-110.94100189208984,2643.0,19436,4019,68.5190871369295,0.9154771784232364,4.0,0.25,868391.0,2546541.5,26404.0,125.0
244,TVC,traverse,KTVC,44.74140167236328,-85.58219909667969,624.0,25005,26055,45.29751037344396,2.714854771784233,1.4166666666666667,0.0,49806.0,358799.0,15084.0,125.0
245,TWF,twin,KTWF,42.48180008,-114.487999,4154.0,19950,16083,48.169294605809114,1.0332365145228224,0.0,0.0,54455.0,69278.0,11927.0,112.5
246,TXK,texarkana,KTXK,33.45370101928711,-93.99099731445312,390.0,15076,5091,64.29460580912864,4.2187551867219915,0.0,0.0,30259.0,52900.5,11801.0,122.0
247,TYR,tyler,KTYR,32.35409927368164,-95.40239715576172,544.0,5566,48423,65.56514522821575,3.8409958506224062,0.6666666666666666,0.08333333333333333,141116.0,73919.0,17250.0,150.0
248,TYS,knoxville,KTYS,35.81100082,-83.99400329999997,981.0,8569,47093,58.83858921161829,4.469751037344398,3.4166666666666665,0.16666666666666666,585249.0,1498534.5,18005.0,150.0
249,VLD,valdosta,KVLD,30.78249931335449,-83.27670288085938,203.0,17227,13185,66.98381742738586,4.138381742738589,0.25,0.16666666666666666,79294.0,66042.5,17236.0,108.33333333333331
250,VPS,valparaiso,KVPS,30.4832,-86.525398,87.0,2510,12091,67.16804979253112,5.02045643153527,0.0,0.0,4946.0,909512.5,22017.0,300.0
251,WYS,yellowstone,KWYS,44.68840027,-111.1179962,6649.0,26356,30031,40.18630705394191,2.0044398340248963,0.0,0.0,1365.0,12886.0,8399.0,150.0
252,XNA,bentonville,KXNA,36.281898,-94.306801,1287.0,15451,5007,58.12365145228218,3.907842323651453,0.0,0.0,49298.0,1077820.5,8800.0,150.0
